Запуск команды:
intertonc --run D:\j\j\Interton\examples\quantum\quantum_crypto_variants2.it

Дата и время запуска: 2026-02-14 03:12:03.094062

==================================================
ВЫВОД ПРОГРАММЫ:
==================================================
STDOUT:
key: [41, 232, 62, 114, 66, 16, 106, 205, 21, 117, 173, 43, 35, 120, 219, 144, 200, 60, 237, 105, 62, 185, 247, 13, 252, 154, 187, 202, 3, 215, 229, 139, 30, 237, 188, 126, 54, 236, 18, 119, 225, 87, 120, 48, 226, 59, 84, 113, 212, 230, 67, 134, 217, 110, 34, 164, 217, 118, 41, 224, 38, 175, 35, 88, 205, 220, 1, 169, 48, 25, 26, 124, 175, 203, 119, 207, 182, 203, 190, 33, 104, 164, 9, 26, 88, 222, 48, 173, 107, 142, 47, 140, 158, 88, 0, 158, 117, 177, 140, 33, 157, 23, 73, 69, 148, 39, 133, 167, 201, 7, 162, 162, 46, 149, 207, 155, 198, 223, 8, 95, 180, 94, 161, 91, 234, 65, 138, 212, 105, 46, 242, 141, 65, 142, 206, 159, 196, 141, 111, 143, 17, 248, 124, 54, 8, 14, 167, 224, 160, 117, 67, 118, 72, 83, 46, 102, 55, 106, 205, 221, 108, 13, 61, 60, 4, 206, 32, 125, 196, 159, 121, 161, 157, 79, 240, 193, 174, 46, 125, 169, 156, 122, 29, 213, 135, 214, 148, 14, 120, 32, 80, 8, 30, 34, 254, 138, 138, 198, 193, 145, 247, 201, 158, 169, 232, 27, 0, 175, 26, 117, 244, 83, 184, 182, 177, 153, 249, 223, 161, 27, 238, 175, 38, 11, 220, 43, 14, 115, 77, 64, 30, 129, 219, 40, 148, 24, 18, 93, 59, 22, 134, 16, 245, 219, 71, 37, 31, 137, 166, 32, 70, 31, 34, 204, 249, 236]
enc: 

